time,imigration,emigration,netMigration,totalMigration,Births,Deaths,natGrowth,totalNatGrowth,totGrowth(migrationplusnatural),baseline,Canada,growthDif,percentofincreaseNATURAL,percentofincreaseMIGRATION,percentofincreaseNATURAL-comp,percentofincreaseMIGRATION-comp,Ontario
1931-06-01,23340,,23340,23340,241429,107895,133534,133534,156874,8788000,10376700,#REF!,0.851218175,0.148781825,0.148781825,0.851218175,3431700
1932-06-01,17906,,17906,41246,238788,104890,133898,267432,151804,8788000,10510000,133300,0.882045269,0.117954731,0.117954731,0.882045269,3473000
1933-06-01,13513,,13513,54759,232674,103629,129045,396477,142558,8788000,10633000,123000,0.905210511,0.094789489,0.094789489,0.905210511,3512000
1934-06-01,11609,,11609,66368,219536,100928,118608,515085,130217,8788000,10741000,108000,0.910848814,0.089151186,0.089151186,0.910848814,3544000
1935-06-01,11474,,11474,77842,222072,105136,116936,632021,128410,8788000,10845000,104000,0.910645588,0.089354412,0.089354412,0.910645588,3575000
1936-06-01,12767,,12767,90609,222344,105150,117194,749215,129961,8788000,10950000,105000,0.901762837,0.098237163,0.098237163,0.901762837,3605500
1937-06-01,16193,,16193,106802,218769,111570,107199,856414,123392,8788000,11045000,95000,0.868767829,0.131232171,0.131232171,0.868767829,3637000
1938-06-01,17858,,17858,124660,224027,109768,114259,970673,132117,8788000,11152000,107000,0.864831929,0.135168071,0.135168071,0.864831929,3672000
1939-06-01,13540,,13540,138200,231096,109742,121354,1092027,134894,8788000,11267000,115000,0.899624891,0.100375109,0.100375109,0.899624891,3708000
1940-06-01,11279,,11279,149479,231295,106440,124855,1216882,136134,8788000,11381000,114000,0.91714781,0.08285219,0.08285219,0.91714781,3747000
1941-06-01,8845,,8845,158324,253438,114999,138439,1355321,147284,8788000,11506700,125700,0.939945955,0.060054045,0.060054045,0.939945955,3787700
1942-06-01,7521,,7521,165845,260962,114751,146211,1501532,153732,8788000,11654000,147300,0.951077199,0.048922801,0.048922801,0.951077199,3884000
1943-06-01,9127,,9127,174972,279873,121367,158506,1660038,167633,8788000,11795000,141000,0.94555368,0.05444632,0.05444632,0.94555368,3915000
1944-06-01,20438,,20438,195410,284471,127850,156621,1816659,177059,8788000,11946000,151000,0.88456955,0.11543045,0.11543045,0.88456955,3963000
1945-06-01,38341,,38341,233751,285177,133451,151726,1968385,190067,8788000,12072000,126000,0.798276397,0.201723603,0.201723603,0.798276397,4000000
1946-03-01,12738,,12738,246489,73273,31629,41644,2010029,54382,8788000,12188000,116000,0.765768085,0.234231915,0.234231915,0.765768085,4093000
1946-06-01,21176,,21176,267665,86530,28938,57592,2067621,78768,8788000,12241000,53000,0.731159862,0.268840138,0.268840138,0.731159862,4093000
1946-09-01,25078,,25078,292743,88465,26021,62444,2130065,87522,8788000,12316000,75000,0.713466328,0.286533672,0.286533672,0.713466328,4093000
1946-12-01,12727,,12727,305470,83203,28770,54433,2184498,67160,8788000,12393000,77000,0.81049732,0.18950268,0.18950268,0.81049732,4093000
1947-03-01,8009,,8009,313479,89319,30985,58334,2242832,66343,8788000,12450000,57000,0.879278899,0.120721101,0.120721101,0.879278899,4176000
1947-06-01,13404,,13404,326883,96722,30269,66453,2309285,79857,8788000,12507000,57000,0.832149968,0.167850032,0.167850032,0.832149968,4176000
1947-09-01,18624,,18624,345507,91900,27229,64671,2373956,83295,8788000,12576000,69000,0.776409148,0.223590852,0.223590852,0.776409148,4176000
1947-12-01,24090,,24090,369597,82002,29674,52328,2426284,76418,8788000,12646000,70000,0.684760135,0.315239865,0.315239865,0.684760135,4176000
1948-03-01,23076,,23076,392673,85176,32815,52361,2478645,75437,8788000,12710000,64000,0.694102364,0.305897636,0.305897636,0.694102364,4275000
1948-06-01,34199,,34199,426872,89996,30588,59408,2538053,93607,8788000,12773000,63000,0.634653391,0.365346609,0.365346609,0.634653391,4275000
1948-09-01,33932,,33932,460804,90676,27530,63146,2601199,97078,8788000,12852000,79000,0.650466635,0.349533365,0.349533365,0.650466635,4275000
1948-12-01,34207,,34207,495011,82378,28933,53445,2654644,87652,8788000,12930000,78000,0.609740793,0.390259207,0.390259207,0.609740793,4275000
1949-03-01,23265,,23265,518276,87976,32764,55212,2709856,78477,8788000,12998000,68000,0.703543713,0.296456287,0.296456287,0.703543713,4378000
1949-06-01,30243,,30243,548519,96444,32154,64290,2774146,94533,8788000,13399000,401000,0.680079972,0.319920028,0.319920028,0.680079972,4378000
1949-09-01,22641,,22641,571160,95731,28759,66972,2841118,89613,8788000,13475000,76000,0.747346925,0.252653075,0.252653075,0.747346925,4378000
1949-12-01,19068,,19068,590228,86941,30890,56051,2897169,75119,8788000,13548000,73000,0.746162755,0.253837245,0.253837245,0.746162755,4378000
1950-03-01,14470,,14470,604698,88890,33059,55831,2953000,70301,8788000,13607000,59000,0.79417078,0.20582922,0.20582922,0.79417078,4471000
1950-06-01,22816,,22816,627514,97014,31826,65188,3018188,88004,8788000,13663000,56000,0.740739057,0.259260943,0.259260943,0.740739057,4471000
1950-09-01,16964,,16964,644478,97311,28765,68546,3086734,85510,8788000,13737000,74000,0.801613846,0.198386154,0.198386154,0.801613846,4471000
1950-12-01,19662,,19662,664140,88794,30570,58224,3144958,77886,8788000,13807000,70000,0.747554118,0.252445882,0.252445882,0.747554118,4471000
1951-03-01,25914,,25914,690054,91739,36129,55610,3200568,81524,8788000,13870000,63000,0.682130416,0.317869584,0.317869584,0.682130416,4471000
1951-06-01,53871,,53871,743925,101404,30125,71279,3271847,125150,8788000,13937000,67000,0.569548542,0.430451458,0.430451458,0.569548542,4471000
1951-09-01,50100,13637,36463,780388,99029,28371,70658,3342505,107121,8788000,14050000,113000,0.659609227,0.340390773,0.340390773,0.659609227,4615000
1951-12-01,64506,13637,50869,831257,88920,31198,57722,3400227,108591,8788000,14163000,113000,0.53155418,0.46844582,0.46844582,0.53155418,4665000
1952-03-01,42743,13637,29106,860363,96804,32694,64110,3464337,93216,8788000,14277000,114000,0.687757467,0.312242533,0.312242533,0.687757467,4717000
1952-06-01,55314,14685,40629,900992,105616,31895,73721,3538058,114350,8788000,14376000,99000,0.644696108,0.355303892,0.355303892,0.644696108,4757000
1952-09-01,37239,16563,20676,921668,104700,29616,75084,3613142,95760,8788000,14496000,120000,0.784085213,0.215914787,0.215914787,0.784085213,4802000
1952-12-01,29202,15674,13528,935196,96439,32180,64259,3677401,77787,8788000,14598000,102000,0.826089192,0.173910808,0.173910808,0.826089192,4841000
1953-03-01,22937,12550,10387,945583,99549,34469,65080,3742481,75467,8788000,14682000,84000,0.862363682,0.137636318,0.137636318,0.862363682,4876000
1953-06-01,55399,13093,42306,987889,107886,31840,76046,3818527,118352,8788000,14763000,81000,0.642540895,0.357459105,0.357459105,0.642540895,4907000
1953-09-01,46762,16152,30610,1018499,108888,29944,78944,3897471,109554,8788000,14886000,123000,0.72059441,0.27940559,0.27940559,0.72059441,4956000
1953-12-01,43770,16180,27590,1046089,101561,31538,70023,3967494,97613,8788000,15001000,115000,0.717353221,0.282646779,0.282646779,0.717353221,5002000
1954-03-01,28223,12025,16198,1062287,105338,31854,73484,4040978,89682,8788000,15105000,104000,0.819384046,0.180615954,0.180615954,0.819384046,5047000
1954-06-01,57542,13332,44210,1106497,112916,31612,81304,4122282,125514,8788000,15199000,94000,0.647768376,0.352231624,0.352231624,0.647768376,5082000
1954-09-01,41088,16274,24814,1131311,112845,29363,83482,4205764,108296,8788000,15330000,131000,0.77086873,0.22913127,0.22913127,0.77086873,5130000
1954-12-01,27374,15519,11855,1143166,105099,32026,73073,4278837,84928,8788000,15444000,114000,0.860411172,0.139588828,0.139588828,0.860411172,5174000
1955-03-01,17627,12047,5580,1148746,107963,33115,74848,4353685,80428,8788000,15535000,91000,0.930621177,0.069378823,0.069378823,0.930621177,5208000
1955-06-01,40790,13467,27323,1176069,116024,32392,83632,4437317,110955,8788000,15620000,85000,0.753747015,0.246252985,0.246252985,0.753747015,5236000
1955-09-01,28190,19361,8829,1184898,113204,30465,82739,4520056,91568,8788000,15736000,116000,0.903579853,0.096420147,0.096420147,0.903579853,5278000
1955-12-01,23339,17018,6321,1191219,105746,32504,73242,4593298,79563,8788000,15834000,98000,0.920553524,0.079446476,0.079446476,0.920553524,5311000
1956-03-01,18963,14158,4805,1196024,108574,33793,74781,4668079,79586,8788000,15919000,85000,0.93962506,0.06037494,0.06037494,0.93962506,5344000
1956-06-01,50961,17577,33384,1229408,114498,33181,81317,4749396,114701,8788000,16004000,85000,0.708947612,0.291052388,0.291052388,0.708947612,5375000
1956-09-01,40085,19156,20929,1250337,117992,31110,86882,4836278,107811,8788000,16123000,119000,0.805873241,0.194126759,0.194126759,0.805873241,5423000
1956-12-01,54848,17862,36986,1287323,109675,33877,75798,4912076,112784,8788000,16235000,112000,0.672063413,0.327936587,0.327936587,0.672063413,5470000
1957-03-01,62460,15429,47031,1334354,111143,33914,77229,4989305,124260,8788000,16352000,117000,0.621511347,0.378488653,0.378488653,0.621511347,5529000
1957-06-01,119956,16855,103101,1437455,123887,33219,90668,5079973,193769,8788000,16479000,127000,0.467917985,0.532082015,0.532082015,0.467917985,5580000
1957-09-01,61850,21296,40554,1478009,121039,32084,88955,5168928,129509,8788000,16677000,198000,0.686863461,0.313136539,0.313136539,0.686863461,5668000
1957-12-01,37898,20803,17095,1495104,113024,37362,75662,5244590,92757,8788000,16810000,133000,0.815701241,0.184298759,0.184298759,0.815701241,5722000
1958-03-01,21243,12965,8278,1503382,113769,34625,79144,5323734,87422,8788000,16907000,97000,0.905309876,0.094690124,0.094690124,0.905309876,5759000
1958-06-01,46501,14888,31613,1534995,122148,33694,88454,5412188,120067,8788000,16997000,90000,0.73670534,0.26329466,0.26329466,0.73670534,5789000
1958-09-01,32387,17630,14757,1549752,118500,32158,86342,5498530,101099,8788000,17120000,123000,0.854034165,0.145965835,0.145965835,0.854034165,5835000
1958-12-01,24720,16198,8522,1558274,115701,34724,80977,5579507,89499,8788000,17225000,105000,0.904781059,0.095218941,0.095218941,0.904781059,5874000
1959-03-01,16955,12472,4483,1562757,117067,36130,80937,5660444,85420,8788000,17318000,93000,0.947518146,0.052481854,0.052481854,0.947518146,5907000
1959-06-01,40134,15133,25001,1587758,123930,36276,87654,5748098,112655,8788000,17406000,88000,0.778074653,0.221925347,0.221925347,0.778074653,5938000
1959-09-01,28266,21568,6698,1594456,123674,32808,90866,5838964,97564,8788000,17522000,116000,0.931347628,0.068652372,0.068652372,0.931347628,5985000
1959-12-01,21573,20016,1557,1596013,114604,34699,79905,5918869,81462,8788000,17624000,102000,0.980886794,0.019113206,0.019113206,0.980886794,6020000
1960-03-01,16599,15151,1448,1597461,114856,36028,78828,5997697,80276,8788000,17710000,86000,0.98196223,0.01803777,0.01803777,0.98196223,6054000
1960-06-01,41442,17599,23843,1621304,123188,34660,88528,6086225,112371,8788000,17793000,83000,0.787818921,0.212181079,0.212181079,0.787818921,6083000
1960-09-01,25802,22224,3578,1624882,125397,33206,92191,6178416,95769,8788000,17909000,116000,0.962639267,0.037360733,0.037360733,0.962639267,6127000
1960-12-01,20268,20622,-354,1624528,115110,35799,79311,6257727,78957,8788000,18009000,100000,1.004483453,-0.004483453,-0.004483453,1.004483453,6158000
1961-03-01,11839,13984,-2145,1622383,116011,35912,80099,6337826,77954,8788000,18092000,83000,1.027516228,-0.027516228,-0.027516228,1.027516228,6187000
1961-06-01,24943,17075,7868,1630251,122901,35642,87259,6425085,95127,8788000,18172000,80000,0.917289518,0.082710482,0.082710482,0.917289518,6214000
1961-09-01,19386,21561,-2175,1628076,122037,33553,88484,6513569,86309,8788000,18271000,99000,1.025200153,-0.025200153,-0.025200153,1.025200153,6248000
1961-12-01,15521,19685,-4164,1623912,114751,35878,78873,6592442,74709,8788000,18363000,92000,1.055736257,-0.055736257,-0.055736257,1.055736257,6275000
1962-03-01,11762,15506,-3744,1620168,113641,37534,76107,6668549,72363,8788000,18442000,79000,1.051739148,-0.051739148,-0.051739148,1.051739148,6303000
1962-06-01,22299,16983,5316,1625484,120641,35955,84686,6753235,90002,8788000,18519000,77000,0.940934646,0.059065354,0.059065354,0.940934646,6330000
1962-09-01,22507,22683,-176,1625308,122008,33970,88038,6841273,87862,8788000,18614000,95000,1.002003141,-0.002003141,-0.002003141,1.002003141,6362000
1962-12-01,18018,21568,-3550,1621758,113403,36240,77163,6918436,73613,8788000,18708000,94000,1.048225178,-0.048225178,-0.048225178,1.048225178,6395000
1963-03-01,13410,17259,-3849,1617909,113861,39054,74807,6993243,70958,8788000,18787000,79000,1.054243355,-0.054243355,-0.054243355,1.054243355,6427000
1963-06-01,28034,18687,9347,1627256,122139,36763,85376,7078619,94723,8788000,18864000,77000,0.901322804,0.098677196,0.098677196,0.901322804,6455000
1963-09-01,27900,24446,3454,1630710,120043,34670,85373,7163992,88827,8788000,18964000,100000,0.961115427,0.038884573,0.038884573,0.961115427,6497000
1963-12-01,23807,23171,636,1631346,109724,36880,72844,7236836,73480,8788000,19061000,97000,0.991344584,0.008655416,0.008655416,0.991344584,6535000
1964-03-01,17546,18755,-1209,1630137,111315,36724,74591,7311427,73382,8788000,19142000,81000,1.01647543,-0.01647543,-0.01647543,1.01647543,6572000
1964-06-01,33777,20659,13118,1643255,118283,35845,82438,7393865,95556,8788000,19222000,80000,0.862719243,0.137280757,0.137280757,0.862719243,6602000
1964-09-01,33343,28201,5142,1648397,116250,35550,80700,7474565,85842,8788000,19325000,103000,0.940099252,0.059900748,0.059900748,0.940099252,6646000
1964-12-01,27940,24815,3125,1651522,107067,37731,69336,7543901,72461,8788000,19420000,95000,0.956873353,0.043126647,0.043126647,0.956873353,6687000
1965-03-01,22279,21039,1240,1652762,105247,38200,67047,7610948,68287,8788000,19501000,81000,0.981841346,0.018158654,0.018158654,0.981841346,6723000
1965-06-01,40619,23297,17322,1670084,110285,36530,73755,7684703,91077,8788000,19578000,77000,0.809809282,0.190190718,0.190190718,0.809809282,6758000
1965-09-01,45511,32175,13336,1683420,106970,35926,71044,7755747,84380,8788000,19678000,100000,0.841953069,0.158046931,0.158046931,0.841953069,6803000
1965-12-01,38349,28796,9553,1692973,96093,38283,57810,7813557,67363,8788000,19777000,99000,0.858186245,0.141813755,0.141813755,0.858186245,6849000
1966-03-01,30713,15677,15036,1708009,95717,38189,57528,7871085,72564,8788000,19857000,80000,0.792789813,0.207210187,0.207210187,0.792789813,6888000
1966-06-01,55288,17631,37657,1745666,102192,38463,63729,7934814,101386,8788000,19939000,82000,0.62857791,0.37142209,0.37142209,0.62857791,6926000
1966-09-01,58533,30120,28413,1774079,98726,35675,63051,7997865,91464,8788000,20048000,109000,0.689353188,0.310646812,0.310646812,0.689353188,6977000
1966-12-01,50209,28061,22148,1796227,91075,37536,53539,8051404,75687,8788000,20146000,98000,0.707373789,0.292626211,0.292626211,0.707373789,7025000
1967-03-01,43989,22833,21156,1817383,90988,37305,53683,8105087,74839,8788000,20228000,82000,0.717313166,0.282686834,0.282686834,0.717313166,7063000
1967-06-01,64969,24281,40688,1858071,97962,37343,60619,8165706,101307,8788000,20306000,78000,0.598369313,0.401630687,0.401630687,0.598369313,7096000
1967-09-01,65635,32408,33227,1891298,94611,36809,57802,8223508,91029,8788000,20412000,106000,0.634984456,0.365015544,0.365015544,0.634984456,7142000
1967-12-01,48283,28940,19343,1910641,87333,38826,48507,8272015,67850,8788000,20509000,97000,0.714915254,0.285084746,0.285084746,0.714915254,7186000
1968-03-01,35601,24798,10803,1921444,89091,40802,48289,8320304,59092,8788000,20581000,72000,0.817183375,0.182816625,0.182816625,0.817183375,7213000
1968-06-01,49738,26187,23551,1944995,95423,37435,57988,8378292,81539,8788000,20644000,63000,0.711168889,0.288831111,0.288831111,0.711168889,7238000
1968-09-01,51037,26071,24966,1969961,93622,36729,56893,8435185,81859,8788000,20729000,85000,0.695012155,0.304987845,0.304987845,0.695012155,7275000
1968-12-01,47598,22980,24618,1994579,86174,38230,47944,8483129,72562,8788000,20814000,85000,0.660731512,0.339268488,0.339268488,0.660731512,7305000
1969-03-01,30788,19892,10896,2005475,89765,40175,49590,8532719,60486,8788000,20888000,74000,0.819859141,0.180140859,0.180140859,0.819859141,7338000
1969-06-01,40333,21295,19038,2024513,96561,38164,58397,8591116,77435,8788000,20950000,62000,0.754142184,0.245857816,0.245857816,0.754142184,7362000
1969-09-01,48571,26342,22229,2046742,95002,37290,57712,8648828,79941,8788000,21028000,78000,0.721932425,0.278067575,0.278067575,0.721932425,7399000
1969-12-01,41839,22560,19279,2066021,88319,38848,49471,8698299,68750,8788000,21111000,83000,0.719578182,0.280421818,0.280421818,0.719578182,7442000
1970-03-01,30783,17651,13132,2079153,89932,41197,48735,8747034,61867,8788000,21182000,71000,0.787738213,0.212261787,0.212261787,0.787738213,7488000
1970-06-01,40052,19336,20716,2099869,96831,37790,59041,8806075,79757,8788000,21244000,62000,0.740261043,0.259738957,0.259738957,0.740261043,7528000
1970-09-01,42488,24273,18215,2118084,94840,37729,57111,8863186,75326,8788000,21324000,80000,0.758184425,0.241815575,0.241815575,0.758184425,7566000
1970-12-01,34390,19701,14689,2132773,90385,39245,51140,8914326,65829,8788000,21400000,76000,0.776861262,0.223138738,0.223138738,0.776861262,7613000
1971-03-01,27899,16594,11305,2144078,92879,40731,52148,8966474,63453,8788000,21465000,65000,0.821836635,0.178163365,0.178163365,0.821836635,7656000
1971-06-01,31278,16951,14327,2158405,93710,38527,55183,9021657,69510,8788000,21523000,58000,0.793885772,0.206114228,0.206114228,0.793885772,7683000
1971-09-01,51026,19835,31191,2189596,90942,37697,53245,9074902,84436,8788000,21962032,439032,0.630595954,0.369404046,0.369404046,0.630595954,7849027
1971-12-01,32860,16717,16143,2205739,84656,40317,44339,9119241,60482,8788000,22039243,77211,0.733094144,0.266905856,0.266905856,0.733094144,7882241
1972-03-01,33887,14340,19547,2225286,86630,42608,44022,9163263,63569,8788000,22092498,53255,0.692507354,0.307492646,0.307492646,0.692507354,7906337
1972-06-01,41717,15142,26575,2251861,89028,38911,50117,9213380,76692,8788000,22148919,56421,0.653484066,0.346515934,0.346515934,0.653484066,7927220
1972-09-01,48117,19340,28777,2280638,87974,39488,48486,9261866,77263,8788000,22218463,69544,0.627544879,0.372455121,0.372455121,0.627544879,7963117
1972-12-01,38323,14416,23907,2304545,83687,41406,42281,9304147,66188,8788000,22288499,70036,0.638801595,0.361198405,0.361198405,0.638801595,7992037
1973-03-01,35847,13454,22393,2326938,84829,42222,42607,9346754,65000,8788000,22347459,58960,0.655492308,0.344507692,0.344507692,0.655492308,8013391
1973-06-01,60350,16640,43710,2370648,89325,39502,49823,9396577,93533,8788000,22405392,57933,0.532678306,0.467321694,0.467321694,0.532678306,8035129
1973-09-01,65456,26364,39092,2409740,87774,41077,46697,9443274,85789,8788000,22491777,86385,0.544323864,0.455676136,0.455676136,0.544323864,8075547
1973-12-01,68244,22025,46219,2455959,81445,41238,40207,9483481,86426,8788000,22570338,78561,0.4652188,0.5347812,0.5347812,0.4652188,8107108
1974-03-01,54437,16430,38007,2493966,84685,41885,42800,9526281,80807,8788000,22649538,79200,0.529657084,0.470342916,0.470342916,0.529657084,8139808
1974-06-01,64065,18682,45383,2539349,88542,42084,46458,9572739,91841,8788000,22723274,73736,0.505852506,0.494147494,0.494147494,0.505852506,8172562
1974-09-01,77584,22047,55537,2594886,91558,40445,51113,9623852,106650,8788000,22807969,84695,0.479259259,0.520740741,0.520740741,0.479259259,8204275
1974-12-01,56431,20890,35541,2630427,85865,42380,43485,9667337,79026,8788000,22907390,99421,0.550261939,0.449738061,0.449738061,0.550261939,8240114
1975-03-01,53921,17989,35932,2666359,86619,45680,40939,9708276,76871,8788000,22979190,71800,0.532567548,0.467432452,0.467432452,0.532567548,8260161
1975-06-01,66855,17095,49760,2716119,91918,40246,51672,9759948,101432,8788000,23048990,69800,0.509425034,0.490574966,0.490574966,0.509425034,8284503
1975-09-01,70113,19095,51018,2767137,93748,40230,53518,9813466,104536,8788000,23143275,94285,0.511957603,0.488042397,0.488042397,0.511957603,8319795
1975-12-01,41359,16537,24822,2791959,87038,41020,46018,9859484,70840,8788000,23240585,97310,0.649604743,0.350395257,0.350395257,0.649604743,8352911
1976-03-01,42169,14250,27919,2819878,89911,45033,44878,9904362,72797,8788000,23304197,63612,0.616481448,0.383518552,0.383518552,0.616481448,8366498
1976-06-01,49788,16832,32956,2852834,93581,40145,53436,9957798,86392,8788000,23369845,65648,0.618529493,0.381470507,0.381470507,0.618529493,8387985
1976-09-01,57328,18803,38525,2891359,89854,39596,50258,10008056,88783,8788000,23449808,79963,0.566076839,0.433923161,0.433923161,0.566076839,8413779
1976-12-01,33246,14478,18768,2910127,86641,42235,44406,10052462,63174,8788000,23533565,83757,0.702915756,0.297084244,0.297084244,0.702915756,8438765
1977-03-01,34250,10827,23423,2933550,88901,42383,46518,10098980,69941,8788000,23591713,58148,0.665103444,0.334896556,0.334896556,0.665103444,8458617
1977-06-01,36855,13699,23156,2956706,92454,41533,50921,10149901,74077,8788000,23656739,65026,0.687406347,0.312593653,0.312593653,0.687406347,8481322
1977-09-01,49235,20837,28398,2985104,92294,40064,52230,10202131,80628,8788000,23725843,69104,0.64778985,0.35221015,0.35221015,0.64778985,8504080
1977-12-01,24895,16046,8849,2993953,87751,43518,44233,10246364,53082,8788000,23801445,75602,0.833295656,0.166704344,0.166704344,0.833295656,8530102
1978-03-01,28347,11992,16355,3010308,87525,44779,42746,10289110,59101,8788000,23849503,48058,0.723270334,0.276729666,0.276729666,0.723270334,8548453
1978-06-01,27377,14446,12931,3023239,92223,40669,51554,10340664,64485,8788000,23903687,54184,0.799472746,0.200527254,0.200527254,0.799472746,8569298
1978-09-01,37175,20924,16251,3039490,91320,40302,51018,10391682,67269,8788000,23963203,59516,0.758417696,0.241582304,0.241582304,0.758417696,8590144
1978-12-01,22226,16112,6114,3045604,87784,42429,45355,10437037,51469,8788000,24025447,62244,0.881210049,0.118789951,0.118789951,0.881210049,8604263
1979-03-01,26793,12044,14749,3060353,88709,42251,46458,10483495,61207,8788000,24071889,46442,0.75903083,0.24096917,0.24096917,0.75903083,8619239
1979-06-01,37815,13278,24537,3084890,94619,40823,53796,10537291,78333,8788000,24128180,56291,0.686760369,0.313239631,0.313239631,0.686760369,8638099
1979-09-01,47750,17929,29821,3114711,94136,41432,52704,10589995,82525,8788000,24201544,73364,0.638642836,0.361357164,0.361357164,0.638642836,8662088
1979-12-01,37925,11498,26427,3141138,88600,43677,44923,10634918,71350,8788000,24279044,77500,0.629614576,0.370385424,0.370385424,0.629614576,8674941
1980-03-01,41914,9376,32538,3173676,90200,44839,45361,10680279,77899,8788000,24345365,66321,0.582305293,0.417694707,0.417694707,0.582305293,8693157
1980-06-01,60580,11076,49504,3223180,94350,41512,52838,10733117,102342,8788000,24418295,72930,0.516288523,0.483711477,0.483711477,0.516288523,8715218
1980-09-01,52249,14255,37994,3261174,96053,41154,54899,10788016,92893,8788000,24515667,97372,0.590991786,0.409008214,0.409008214,0.590991786,8746013
1980-12-01,31226,10518,20708,3281882,90106,43968,46138,10834154,66846,8788000,24603534,87867,0.690213326,0.309786674,0.309786674,0.690213326,8757388
1981-03-01,34579,8662,25917,3307799,90121,43651,46470,10880624,72387,8788000,24665355,61821,0.641966099,0.358033901,0.358033901,0.641966099,8770591
1981-06-01,49521,11428,38093,3345892,95859,41762,54097,10934721,92190,8788000,24732826,67471,0.586799002,0.413200998,0.413200998,0.586799002,8787156
1981-09-01,69005,17734,51271,3397163,96005,41624,54381,10989102,105652,8788000,24819915,87089,0.514718131,0.485281869,0.485281869,0.514718131,8812286
1981-12-01,31418,12228,19190,3416353,89361,43992,45369,11034471,64559,8788000,24920120,100205,0.702752521,0.297247479,0.297247479,0.702752521,8846005
1982-03-01,32425,11216,21209,3437562,90917,43955,46962,11081433,68171,8788000,24979229,59109,0.688885303,0.311114697,0.311114697,0.688885303,8865774
1982-06-01,40464,13608,26856,3464418,96189,42781,53408,11134841,80264,8788000,25042069,62840,0.665404166,0.334595834,0.334595834,0.665404166,8892646
1982-09-01,48910,20895,28015,3492433,96073,42045,54028,11188869,82043,8788000,25116942,74873,0.658532721,0.341467279,0.341467279,0.658532721,8920288
1982-12-01,24151,13681,10470,3502903,89903,45632,44271,11233140,54741,8788000,25193538,76596,0.808735683,0.191264317,0.191264317,0.808735683,8957042
1983-03-01,28972,10694,18278,3521181,90272,45676,44596,11277736,62874,8788000,25242830,49292,0.709291599,0.290708401,0.290708401,0.709291599,8982933
1983-06-01,31246,13956,17290,3538471,97346,43169,54177,11331913,71467,8788000,25300372,57542,0.758070158,0.241929842,0.241929842,0.758070158,9010994
1983-09-01,40257,21186,19071,3557542,95476,41397,54079,11385992,73150,8788000,25366451,66079,0.739289132,0.260710868,0.260710868,0.739289132,9039564
1983-12-01,20039,12735,7304,3564846,90595,44242,46353,11432345,53657,8788000,25434150,67699,0.863876102,0.136123898,0.136123898,0.863876102,9074145
1984-03-01,26973,10655,16318,3581164,91429,44855,46574,11478919,62892,8788000,25482358,48208,0.740539337,0.259460663,0.259460663,0.740539337,9100590
1984-06-01,32408,13194,19214,3600378,97033,43665,53368,11532287,72582,8788000,25539861,57503,0.735278719,0.264721281,0.264721281,0.735278719,9129833
1984-09-01,39435,18911,20524,3620902,98012,42473,55539,11587826,76063,8788000,25607053,67192,0.730171042,0.269828958,0.269828958,0.730171042,9167484
1984-12-01,15611,12481,3130,3624032,90557,44734,45823,11633649,48953,8788000,25677668,70615,0.93606112,0.06393888,0.06393888,0.93606112,9210346
1985-03-01,27322,11033,16289,3640321,90060,47473,42587,11676236,58876,8788000,25721170,43502,0.723333786,0.276666214,0.276666214,0.723333786,9230294
1985-06-01,32336,12777,19559,3659880,97636,44405,53231,11729467,72790,8788000,25774717,53547,0.731295508,0.268704492,0.268704492,0.731295508,9256175
1985-09-01,42761,19076,23685,3683565,97339,42895,54444,11783911,78129,8788000,25842116,67399,0.696847521,0.303152479,0.303152479,0.696847521,9294657
1985-12-01,20212,11289,8923,3692488,90692,46550,44142,11828053,53065,8788000,25914797,72681,0.831847734,0.168152266,0.168152266,0.831847734,9338435
1986-03-01,31207,8715,22492,3714980,89502,49461,40041,11868094,62533,8788000,25962414,47617,0.640317912,0.359682088,0.359682088,0.640317912,9362036
1986-06-01,42714,11515,31199,3746179,97848,44447,53401,11921495,84600,8788000,26019615,57201,0.631217494,0.368782506,0.368782506,0.631217494,9391784
1986-09-01,53188,17814,35374,3781553,96335,43679,52656,11974151,88030,8788000,26100278,80663,0.598159718,0.401840282,0.401840282,0.598159718,9437359
1986-12-01,37638,11055,26583,3808136,89228,46637,42591,12016742,69174,8788000,26187639,87361,0.615708214,0.384291786,0.384291786,0.615708214,9493289
1987-03-01,57709,9104,48605,3856741,89268,46987,42281,12059023,90886,8788000,26256140,68501,0.465209163,0.534790837,0.534790837,0.465209163,9531478
1987-06-01,57737,9734,48003,3904744,98191,45296,52895,12111918,100898,8788000,26346370,90230,0.524242304,0.475757696,0.475757696,0.524242304,9577947
1987-09-01,63832,16179,47653,3952397,94213,45426,48787,12160705,96440,8788000,26446601,100231,0.505879303,0.494120697,0.494120697,0.505879303,9637945
1987-12-01,29099,9295,19804,3972201,88070,47244,40826,12201531,60630,8788000,26542370,95769,0.673363022,0.326636978,0.326636978,0.673363022,9702789
1988-03-01,45736,7499,38237,4010438,90096,50833,39263,12240794,77500,8788000,26602328,59958,0.506619355,0.493380645,0.493380645,0.506619355,9735171
1988-06-01,70014,8005,62009,4072447,97654,46414,51240,12292034,113249,8788000,26679165,76837,0.452454326,0.547545674,0.547545674,0.452454326,9774964
1988-09-01,103381,14322,89059,4161506,98024,45503,52521,12344555,141580,8788000,26791747,112582,0.370963413,0.629036587,0.629036587,0.370963413,9838620
1988-12-01,65506,8894,56612,4218118,91021,47261,43760,12388315,100372,8788000,26932655,140908,0.435978161,0.564021839,0.564021839,0.435978161,9917210
1989-03-01,79639,7444,72195,4290313,92978,49096,43882,12432197,116077,8788000,27032356,99701,0.378042162,0.621957838,0.621957838,0.378042162,9969308
1989-06-01,83941,9735,74206,4364519,102012,46548,55464,12487661,129670,8788000,27147776,115420,0.427731935,0.572268065,0.572268065,0.427731935,10031922
1989-09-01,84488,14680,69808,4434327,102100,45320,56780,12544441,126588,8788000,27276781,129005,0.448541726,0.551458274,0.551458274,0.448541726,10103305
1989-12-01,24806,8849,15957,4450284,95571,50001,45570,12590011,61527,8788000,27402695,125914,0.740650446,0.259349554,0.259349554,0.740650446,10167642
1990-03-01,63753,7391,56362,4506646,98530,50625,47905,12637916,104267,8788000,27463550,60855,0.459445462,0.540554538,0.540554538,0.459445462,10189985
1990-06-01,73065,8840,64225,4570871,107079,46662,60417,12698333,124642,8788000,27567161,103611,0.48472425,0.51527575,0.51527575,0.48472425,10238884
1990-09-01,72919,14407,58512,4629383,104624,46012,58612,12756945,117124,8788000,27691138,123977,0.500426898,0.499573102,0.499573102,0.500426898,10295832
1990-12-01,10337,8974,1363,4630746,95253,48674,46579,12803524,47942,8788000,27807591,116453,0.971569814,0.028430186,0.028430186,0.971569814,10344678
1991-03-01,36589,9217,27372,4658118,97191,49928,47263,12850787,74635,8788000,27854861,47270,0.633255175,0.366744825,0.366744825,0.633255175,10355101
1991-06-01,63892,11094,52798,4710916,105861,47825,58036,12908823,110834,8788000,27928837,73976,0.523629933,0.476370067,0.476370067,0.523629933,10385937
1991-09-01,62516,24012,38504,4749420,103809,46329,57480,12966303,95984,8788000,28037420,108583,0.598849808,0.401150192,0.401150192,0.598849808,10431316
1991-12-01,30683,14638,16045,4765465,95672,51487,44185,13010488,60230,8788000,28127327,89907,0.733604516,0.266395484,0.266395484,0.733604516,10465562
1992-03-01,59857,12666,47191,4812656,98480,51436,47044,13057532,94235,8788000,28181477,54150,0.499220035,0.500779965,0.500779965,0.499220035,10488022
1992-06-01,64205,14058,50147,4862803,105146,47715,57431,13114963,107578,8788000,28269699,88222,0.533854506,0.466145494,0.466145494,0.533854506,10528346
1992-09-01,77236,23186,54050,4916853,101832,46890,54942,13169905,108992,8788000,28371264,101565,0.504092043,0.495907957,0.495907957,0.504092043,10572205
1992-12-01,37198,14384,22814,4939667,93185,50494,42691,13212596,65505,8788000,28474177,102913,0.651721243,0.348278757,0.348278757,0.651721243,10610665
1993-03-01,45008,12393,32615,4972282,94801,54204,40597,13253193,73212,8788000,28533602,59425,0.554512921,0.445487079,0.445487079,0.554512921,10629994
1993-06-01,51542,13774,37768,5010050,102363,50220,52143,13305336,89911,8788000,28600864,67262,0.579940163,0.420059837,0.420059837,0.579940163,10656924
1993-09-01,79736,23522,56214,5066264,99855,48135,51720,13357056,107934,8788000,28684764,83900,0.479181722,0.520818278,0.520818278,0.479181722,10690038
1993-12-01,32866,16658,16208,5082472,91375,52353,39022,13396078,55230,8788000,28786619,101855,0.706536303,0.293463697,0.293463697,0.706536303,10728737
1994-03-01,52392,12470,39922,5122394,93553,55849,37704,13433782,77626,8788000,28835772,49153,0.48571355,0.51428645,0.51428645,0.48571355,10744762
1994-06-01,64528,16552,47976,5170370,101376,50127,51249,13485031,99225,8788000,28907448,71676,0.516492819,0.483507181,0.483507181,0.516492819,10776819
1994-09-01,78852,27691,51161,5221531,99235,48607,50628,13535659,101789,8788000,29000663,93215,0.497381839,0.502618161,0.502618161,0.497381839,10819146
1994-12-01,29897,16743,13154,5234685,90950,52494,38456,13574115,51610,8788000,29096372,95709,0.745126913,0.254873087,0.254873087,0.745126913,10860406
1995-03-01,51432,11975,39457,5274142,92452,56323,36129,13610244,75586,8788000,29141902,45530,0.477985341,0.522014659,0.522014659,0.477985341,10875308
1995-06-01,64793,15405,49388,5323530,99361,51965,47396,13657640,96784,8788000,29211541,69639,0.489709043,0.510290957,0.510290957,0.489709043,10906895
1995-09-01,77425,26778,50647,5374177,98615,49219,49396,13707036,100043,8788000,29302311,90770,0.493747688,0.506252312,0.506252312,0.493747688,10950119
1995-12-01,38046,15746,22300,5396477,87588,53226,34362,13741398,56662,8788000,29396274,93963,0.606438177,0.393561823,0.393561823,0.606438177,10993416
1996-03-01,50369,11047,39322,5435799,90013,55962,34051,13775449,73373,8788000,29446857,50583,0.464080793,0.535919207,0.535919207,0.464080793,11009307
1996-06-01,69847,14570,55277,5491076,96237,51359,44878,13820327,100155,8788000,29514217,67360,0.448085468,0.551914532,0.551914532,0.448085468,11037392
1996-09-01,82545,26787,55758,5546834,94640,49897,44743,13865070,100501,8788000,29610218,96001,0.44519955,0.55480045,0.55480045,0.44519955,11082903
1996-12-01,33881,17685,16196,5563030,85310,55662,29648,13894718,45844,8788000,29708206,97988,0.646714946,0.353285054,0.353285054,0.646714946,11130574
1997-03-01,57745,14665,43080,5606110,84968,59109,25859,13920577,68939,8788000,29751536,43330,0.375099726,0.624900274,0.624900274,0.375099726,11146270
1997-06-01,69824,19242,50582,5656692,92395,52553,39842,13960419,90424,8788000,29818012,66476,0.440613112,0.559386888,0.559386888,0.440613112,11179959
1997-09-01,79920,28379,51541,5708233,89500,49686,39814,14000233,91355,8788000,29905948,87936,0.435816321,0.564183679,0.564183679,0.435816321,11227651
1997-12-01,26859,18040,8819,5717052,81735,54321,27414,14027647,36233,8788000,29994790,88842,0.756603097,0.243396903,0.243396903,0.756603097,11278893
1998-03-01,46328,13879,32449,5749501,83424,61737,21687,14049334,54136,8788000,30028506,33716,0.400602187,0.599397813,0.599397813,0.400602187,11292059
1998-06-01,56040,17081,38959,5788460,90464,51944,38520,14087854,77479,8788000,30080180,51674,0.497166974,0.502833026,0.502833026,0.497166974,11322038
1998-09-01,68331,28284,40047,5828507,88881,49947,38934,14126788,78981,8788000,30155173,74993,0.492954002,0.507045998,0.507045998,0.492954002,11365901
1998-12-01,22071,16263,5808,5834315,79649,54463,25186,14151974,30994,8788000,30231639,76466,0.812608892,0.187391108,0.187391108,0.812608892,11408804
1999-03-01,48902,12521,36381,5870696,81890,61232,20658,14172632,57039,8788000,30260117,28478,0.36217325,0.63782675,0.63782675,0.36217325,11419589
1999-06-01,69698,16507,53191,5923887,87875,51990,35885,14208517,89076,8788000,30314696,54579,0.402858233,0.597141767,0.597141767,0.402858233,11452857
1999-09-01,82777,27008,55769,5979656,87772,50205,37567,14246084,93336,8788000,30401286,86590,0.402492072,0.597507928,0.597507928,0.402492072,11504759
1999-12-01,29566,16892,12674,5992330,79712,56103,23609,14269693,36283,8788000,30492106,90820,0.650690406,0.349309594,0.349309594,0.650690406,11559464
2000-03-01,60153,13123,47030,6039360,82627,59012,23615,14293308,70645,8788000,30525872,33766,0.334277019,0.665722981,0.665722981,0.334277019,11576994
2000-06-01,75926,16630,59296,6098656,86801,51909,34892,14328200,94188,8788000,30594030,68158,0.370450588,0.629549412,0.629549412,0.370450588,11621255
2000-09-01,96793,28018,68775,6167431,83173,51192,31981,14360181,100756,8788000,30685730,91700,0.317410378,0.682589622,0.682589622,0.317410378,11683290
2000-12-01,40540,16888,23652,6191083,75281,55949,19332,14379513,42984,8788000,30783969,98239,0.449748744,0.550251256,0.550251256,0.449748744,11748348
2001-03-01,78547,12895,65652,6256735,81350,57986,23364,14402877,89016,8788000,30824441,40472,0.262469668,0.737530332,0.737530332,0.262469668,11771945
2001-06-01,94149,15528,78621,6335356,87303,53987,33316,14436193,111937,8788000,30910996,86555,0.297631704,0.702368296,0.702368296,0.297631704,11827345
2001-09-01,108844,32974,75870,6411226,86123,52159,33964,14470157,109834,8788000,31020902,109906,0.309230293,0.690769707,0.690769707,0.309230293,11897534
2001-12-01,38397,20067,18330,6429556,78968,55406,23562,14493719,41892,8788000,31129119,108217,0.56244629,0.43755371,0.43755371,0.56244629,11961789
2002-03-01,76474,11448,65026,6494582,79345,58799,20546,14514265,85572,8788000,31169393,40274,0.240101902,0.759898098,0.759898098,0.240101902,11980361
2002-06-01,91927,13218,78709,6573291,83719,54130,29589,14543854,108298,8788000,31253382,83989,0.273218342,0.726781658,0.726781658,0.273218342,12030408
2002-09-01,89278,29153,60125,6633416,86618,53441,33177,14577031,93302,8788000,31360079,106697,0.355587233,0.644412767,0.644412767,0.355587233,12094174
2002-12-01,27538,18898,8640,6642056,79120,57233,21887,14598918,30527,8788000,31451764,91685,0.716971861,0.283028139,0.283028139,0.716971861,12146053
2003-03-01,66971,16203,50768,6692824,79299,58390,20909,14619827,71677,8788000,31480672,28908,0.291711428,0.708288572,0.708288572,0.291711428,12156750
2003-06-01,81411,17195,64216,6757040,85486,54841,30645,14650472,94861,8788000,31550768,70096,0.323051623,0.676948377,0.676948377,0.323051623,12195501
2003-09-01,87481,27469,60012,6817052,88856,53411,35445,14685917,95457,8788000,31644028,93260,0.371319023,0.628680977,0.628680977,0.371319023,12245039
2003-12-01,39126,19706,19420,6836472,81561,59527,22034,14707951,41454,8788000,31737869,93841,0.531528924,0.468471076,0.468471076,0.531528924,12291669
2004-03-01,68106,18072,50034,6886506,81583,61052,20531,14728482,70565,8788000,31777704,39835,0.290951605,0.709048395,0.709048395,0.290951605,12305320
2004-06-01,85159,20497,64662,6951168,85762,54839,30923,14759405,95585,8788000,31846669,68965,0.323513104,0.676486896,0.676486896,0.323513104,12341656
2004-09-01,93477,27766,65711,7016879,87992,52781,35211,14794616,100922,8788000,31940655,93986,0.348893205,0.651106795,0.651106795,0.348893205,12391421
2004-12-01,34338,19781,14557,7031436,81735,57912,23823,14818439,38380,8788000,32039959,99304,0.620713913,0.379286087,0.379286087,0.620713913,12437664
2005-03-01,66403,17672,48731,7080167,81190,63115,18075,14836514,66806,8788000,32076720,36761,0.270559531,0.729440469,0.729440469,0.270559531,12446466
2005-06-01,91128,19973,71155,7151322,88353,56098,32255,14868769,103410,8788000,32141943,65223,0.311913741,0.688086259,0.688086259,0.311913741,12477967
2005-09-01,103274,28357,74917,7226239,90369,53452,36917,14905686,111834,8788000,32243753,101810,0.330105335,0.669894665,0.669894665,0.330105335,12528663
2005-12-01,38006,19846,18160,7244399,82264,57467,24797,14930483,42957,8788000,32353968,110215,0.57725167,0.42274833,0.42274833,0.57725167,12578931
2006-03-01,71317,19478,51839,7296238,83594,58858,24736,14955219,76575,8788000,32395309,41341,0.323029709,0.676970291,0.676970291,0.323029709,12587531
2006-06-01,92466,21289,71177,7367415,89855,55712,34143,14989362,105320,8788000,32470303,74994,0.324183441,0.675816559,0.675816559,0.324183441,12618444
2006-09-01,104158,27357,76801,7444216,94248,54206,40042,15029404,116843,8788000,32571174,100871,0.342699178,0.657300822,0.657300822,0.342699178,12661878
2006-12-01,36147,19469,16678,7460894,86920,59303,27617,15057021,44295,8788000,32680712,109538,0.623478948,0.376521052,0.376521052,0.623478948,12700994
2007-03-01,70434,17914,52520,7513414,86410,63469,22941,15079962,75461,8788000,32717701,36989,0.304011344,0.695988656,0.695988656,0.304011344,12702838
2007-06-01,94045,20295,73750,7587164,93338,56847,36491,15116453,110241,8788000,32786014,68313,0.331011148,0.668988852,0.668988852,0.331011148,12726728
2007-09-01,105738,27715,78023,7665187,97435,55038,42397,15158850,120420,8788000,32889025,103011,0.352076067,0.647923933,0.647923933,0.352076067,12764806
2007-12-01,43988,19024,24964,7690151,90681,59863,30818,15189668,55782,8788000,33002138,113113,0.552472124,0.447527876,0.447527876,0.552472124,12807208
2008-03-01,74781,17931,56850,7747001,90170,62884,27286,15216954,84136,8788000,33050613,48475,0.324308263,0.675691737,0.675691737,0.324308263,12814446
2008-06-01,110169,20013,90156,7837157,95409,58740,36669,15253623,126825,8788000,33127520,76907,0.289130692,0.710869308,0.710869308,0.289130692,12840272
2008-09-01,115803,27992,87811,7924968,100441,55646,44795,15298418,132606,8788000,33247118,119598,0.337805228,0.662194772,0.662194772,0.337805228,12883583
2008-12-01,50651,19230,31421,7956389,91866,61347,30519,15328937,61940,8788000,33372418,125300,0.49271876,0.50728124,0.50728124,0.49271876,12927148
2009-03-01,79986,16399,63587,8019976,90410,62624,27786,15356723,91373,8788000,33427050,54632,0.304094207,0.695905793,0.695905793,0.304094207,12932234
2009-06-01,102804,16439,86365,8106341,96573,58091,38482,15395205,124847,8788000,33511275,84225,0.308233278,0.691766722,0.691766722,0.308233278,12956332
2009-09-01,114018,23828,90190,8196531,101200,55899,45301,15440506,135491,8788000,33628895,117620,0.334346931,0.665653069,0.665653069,0.334346931,12998345
2009-12-01,44685,17804,26881,8223412,92680,61804,30876,15471382,57757,8788000,33757077,128182,0.534584553,0.465415447,0.465415447,0.534584553,13047485
2010-03-01,76240,16578,59662,8283074,90371,61177,29194,15500576,88856,8788000,33807529,50452,0.328554065,0.671445935,0.671445935,0.328554065,13058435
2010-06-01,104377,18360,86017,8369091,95122,58258,36864,15537440,122881,8788000,33889236,81707,0.299997559,0.700002441,0.700002441,0.299997559,13088106
2010-09-01,118197,25131,93066,8462157,98763,57728,41035,15578475,134101,8788000,34004889,115653,0.306000701,0.693999299,0.693999299,0.306000701,13135778
2010-12-01,29785,18108,11677,8473834,92957,62912,30045,15608520,41722,8788000,34131683,126794,0.720123676,0.279876324,0.279876324,0.720123676,13189339
2011-03-01,65329,18132,47197,8521031,89553,65321,24232,15632752,71429,8788000,34166099,34416,0.339245965,0.660754035,0.660754035,0.339245965,13198650
2011-06-01,97658,18617,79041,8600072,95678,59534,36144,15668896,115185,8788000,34230378,64279,0.313790858,0.686209142,0.686209142,0.313790858,13221999
2011-09-01,110838,30083,80755,8680827,100674,57204,43470,15712366,124225,8788000,34339328,108950,0.349929563,0.650070437,0.650070437,0.349929563,13261381
2011-12-01,55008,21375,33633,8714460,91731,61452,30279,15742645,63912,8788000,34457998,118670,0.473760796,0.526239204,0.526239204,0.473760796,13308659
2012-03-01,75153,20334,54819,8769279,91145,64044,27101,15769746,81920,8788000,34516352,58354,0.330822754,0.669177246,0.669177246,0.330822754,13323332
2012-06-01,111621,20264,91357,8860636,95290,59710,35580,15805326,126937,8788000,34592779,76427,0.280296525,0.719703475,0.719703475,0.280296525,13348263
2012-09-01,112513,28008,84505,8945141,101178,58342,42836,15848162,127341,8788000,34714222,121443,0.336388123,0.663611877,0.663611877,0.336388123,13390632
2012-12-01,42488,19579,22909,8968050,94256,64500,29756,15877918,52665,8788000,34836008,121786,0.565005222,0.434994778,0.434994778,0.565005222,13434943
2013-03-01,78514,20685,57829,9025879,90860,68158,22702,15900620,80531,8788000,34883119,47111,0.281903863,0.718096137,0.718096137,0.281903863,13444704
2013-06-01,116101,20524,95577,9121456,95313,60656,34657,15935277,130234,8788000,34958216,75097,0.266113304,0.733886696,0.733886696,0.266113304,13467829
2013-09-01,120029,27399,92630,9214086,100839,59003,41836,15977113,134466,8788000,35082954,124738,0.311126976,0.688873024,0.688873024,0.311126976,13510781
2013-12-01,35245,20709,14536,9228622,93311,64521,28790,16005903,43326,8788000,35211866,128912,0.664497069,0.335502931,0.335502931,0.664497069,13558528
2014-03-01,75892,21086,54806,9283428,91423,66901,24522,16030425,79328,8788000,35249639,37773,0.309121622,0.690878378,0.690878378,0.309121622,13562583
2014-06-01,106514,21196,85318,9368746,96708,62627,34081,16064506,119399,8788000,35323533,73894,0.285437901,0.714562099,0.714562099,0.285437901,13582747
2014-09-01,115078,29509,85569,9454315,102468,60871,41597,16106103,127166,8788000,35437435,113902,0.327107875,0.672892125,0.672892125,0.327107875,13617553
2014-12-01,16786,20169,-3383,9450932,93501,68422,25079,16131182,21696,8788000,35559047,121612,1.15592736,-0.15592736,-0.15592736,1.15592736,13661314
2015-03-01,45369,21358,24011,9474943,90662,73157,17505,16148687,41516,8788000,35575187,16140,0.421644667,0.578355333,0.578355333,0.421644667,13657737
2015-06-01,85623,21466,64157,9539100,96684,63711,32973,16181660,97130,8788000,35611271,36084,0.339472871,0.660527129,0.660527129,0.339472871,13669860
2015-09-01,116198,31441,84757,9623857,101749,60963,40786,16222446,125543,8788000,35702908,91637,0.324876735,0.675123265,0.675123265,0.324876735,13707118
2015-12-01,48739,21737,27002,9650859,93297,66502,26795,16249241,53797,8788000,35822894,119986,0.498076101,0.501923899,0.501923899,0.498076101,13757688
2016-03-01,104053,21413,82640,9733499,91963,69942,22021,16271262,104661,8788000,35871136,48242,0.210403111,0.789596889,0.789596889,0.210403111,13773629
2016-06-01,129614,19966,109648,9843147,96570,64680,31890,16303152,141538,8788000,35970303,99167,0.225310517,0.774689483,0.774689483,0.225310517,13816545
2016-09-01,138192,28608,109584,9952731,102523,62868,39655,16342807,149239,8788000,36109487,139184,0.265714726,0.734285274,0.734285274,0.265714726,13875394
2016-12-01,52410,19360,33050,9985781,92046,69723,22323,16365130,55373,8788000,36258726,149239,0.403138714,0.596861286,0.596861286,0.403138714,13946431
2017-03-01,88804,19646,69158,10054939,90063,75307,14756,16379886,83914,8788000,36314099,55373,0.1758467,0.8241533,0.8241533,0.1758467,13971785
2017-06-01,136300,17986,118314,10173253,95274,66365,28909,16408795,147223,8788000,36398013,83914,0.196361981,0.803638019,0.803638019,0.196361981,14006386
2017-09-01,164982,24313,140669,10313922,100269,64951,35318,16444113,175987,8788000,36545236,147223,0.200685278,0.799314722,0.799314722,0.200685278,14070141
2017-12-01,73873,16923,56950,10370872,92161,71926,20235,16464348,77185,8788000,36721223,175987,0.262162337,0.737837663,0.737837663,0.262162337,14150783
2018-03-01,107907,18824,89083,10459955,89315,78375,10940,16475288,100023,8788000,36798408,77185,0.109374844,0.890625156,0.890625156,0.109374844,14186830
2018-06-01,157970,17814,140156,10600111,95005,68508,26497,16501785,166653,8788000,36898431,100023,0.158995038,0.841004962,0.841004962,0.158995038,14235643
2018-09-01,176052,23764,152288,10752399,99209,66196,33013,16534798,185301,8788000,37065084,166653,0.178158779,0.821841221,0.821841221,0.178158779,14308697
2018-12-01,73693,17292,56401,10808800,90933,72484,18449,16553247,74850,8788000,37250385,185301,0.246479626,0.753520374,0.753520374,0.246479626,14392903
2019-03-01,101573,17561,84012,10892812,88408,74709,13699,16566946,97711,8788000,37325235,74850,0.140199159,0.859800841,0.859800841,0.140199159,14426822
2019-06-01,169875,16407,153468,11046280,94318,69502,24816,16591762,178284,8788000,37422946,97711,0.139193646,0.860806354,0.860806354,0.139193646,14467552
2019-09-01,198934,23027,175907,11222187,99934,67033,32901,16624663,208808,8788000,37601230,178284,0.157565802,0.842434198,0.842434198,0.157565802,14544701
2019-12-01,97906,15233,82673,11304860,90541,74251,16290,16640953,98963,8788000,37810038,208808,0.164606974,0.835393026,0.835393026,0.164606974,14636131
2020-03-01,81746,16417,65329,11370189,88700,76848,11852,16652805,77181,8788000,37909001,98963,0.15356111,0.84643889,0.84643889,0.15356111,14686092
2020-06-01,13041,5267,7774,11377963,91884,78674,13210,16666015,20984,8788000,37986182,77181,0.629527259,0.370472741,0.370472741,0.629527259,14718133
2020-09-01,12597,11892,705,11378668,94972,70601,24371,16690386,25076,8788000,38007166,20984,0.971885468,0.028114532,0.028114532,0.971885468,14726022
2020-12-01,43655,11319,32336,11411004,85406,81340,4066,16694452,36402,8788000,38007048,-118,0.111697159,0.888302841,0.888302841,0.111697159,14721852
2021-03-01,90440,16076,74364,11485368,86683,80124,6559,16701011,80923,8788000,38043450,36402,0.081052358,0.918947642,0.918947642,0.081052358,14740102
2021-06-01,97366,15393,81973,11567341,94552,74400,20152,16721163,102125,8788000,38124373,80923,0.197326805,0.802673195,0.802673195,0.197326805,14773618
2021-09-01,198633,23000,175633,11742974,99084,74742,24342,16745505,199975,8788000,38226498,102125,0.121725216,0.878274784,0.878274784,0.121725216,14809257
2021-12-01,105607,22668,82939,11825913,89402,82676,6726,16752231,89665,8788000,38426473,199975,0.075012547,0.924987453,0.924987453,0.075012547,14901607
2022-03-01,148070,18114,129956,11955869,86743,87917,-1174,16751057,128782,8788000,38516138,89665,-0.009116181,1.009116181,1.009116181,-0.009116181,14940912
2022-06-01,286238,16933,269305,12225174,93563,77886,15677,16766734,284982,8788000,38644920,128782,0.055010492,0.944989508,0.944989508,0.055010492,14996014
2022-09-01,365625,24959,340666,12565840,98438,76651,21787,16788521,362453,8788000,38929902,284982,0.060109863,0.939890137,0.939890137,0.060109863,15109416
2022-12-01,285792,18162,267630,12833470,90292,84029,6263,16794784,273893,8788000,39292355,362453,0.022866594,0.977133406,0.977133406,0.022866594,15262660